-- ================================================
-- AUTO PARKOUR SYSTEM
-- LocalScript - StarterCharacterScripts
-- ================================================

local Players              = game:GetService("Players")
local RunService           = game:GetService("RunService")
local UserInputService     = game:GetService("UserInputService")
local StarterGui           = game:GetService("StarterGui")
local ContextActionService = game:GetService("ContextActionService")
local CoreGui              = game:GetService("CoreGui")

local player    = Players.LocalPlayer
local character = player.Character or player.CharacterAdded:Wait()
local humanoid  = character:WaitForChild("Humanoid")
local rootPart  = character:WaitForChild("HumanoidRootPart")

local guiParent = gethui and gethui() or CoreGui

-- ================================================
-- PARKOURS SALVOS
-- ================================================
local V3 = Vector3.new

local PARKOURS = {
  {
    nome = "Parkour longa ponte",
    frames = {
      {pos=V3(2664.218,1.368,-956.732),vel=V3(0.530,0.000,13.003),rot={-0.9980,-0.0000,0.0625,-0.0000,1.0000,-0.0000,-0.0625,-0.0000,-0.9980}},
      {pos=V3(2664.327,1.368,-955.813),vel=V3(1.924,0.000,15.884),rot={-0.9980,-0.0000,0.0625,-0.0000,1.0000,-0.0000,-0.0625,-0.0000,-0.9980}},
      {pos=V3(2664.499,2.629,-955.238),vel=V3(4.945,48.912,15.216),rot={-0.9980,-0.0000,0.0625,-0.0000,1.0000,-0.0000,-0.0625,-0.0000,-0.9980}},
      {pos=V3(2664.750,4.809,-954.479),vel=V3(5.043,39.102,15.185),rot={-0.9980,-0.0000,0.0625,-0.0000,1.0000,-0.0000,-0.0625,-0.0000,-0.9980}},
      {pos=V3(2665.017,6.617,-953.654),vel=V3(4.837,28.475,15.251),rot={-0.9980,-0.0000,0.0625,-0.0000,1.0000,-0.0000,-0.0625,-0.0000,-0.9980}},
      {pos=V3(2665.304,7.988,-952.696),vel=V3(4.356,16.212,15.396),rot={-0.9980,-0.0000,0.0625,-0.0000,1.0000,-0.0000,-0.0625,-0.0000,-0.9980}},
      {pos=V3(2665.444,8.405,-952.182),vel=V3(4.161,9.672,15.449),rot={-0.9980,-0.0000,0.0625,-0.0000,1.0000,-0.0000,-0.0625,-0.0000,-0.9980}},
      {pos=V3(2665.642,8.623,-951.407),vel=V3(3.815,-0.138,15.539),rot={-0.9980,-0.0000,0.0625,-0.0000,1.0000,-0.0000,-0.0625,-0.0000,-0.9980}},
      {pos=V3(2665.841,8.306,-950.563),vel=V3(3.573,-10.765,15.596),rot={-0.9980,-0.0000,0.0625,-0.0000,1.0000,-0.0000,-0.0625,-0.0000,-0.9980}},
      {pos=V3(2665.969,7.588,-950.008),vel=V3(2.110,-19.758,9.207),rot={-0.9980,-0.0000,0.0625,-0.0000,1.0000,-0.0000,-0.0625,-0.0000,-0.9980}},
      {pos=V3(2666.007,6.334,-949.837),vel=V3(0.002,-29.568,0.007),rot={-0.9980,-0.0000,0.0625,-0.0000,1.0000,-0.0000,-0.0625,-0.0000,-0.9980}},
      {pos=V3(2665.958,6.311,-950.078),vel=V3(-2.930,1.616,-14.350),rot={-0.9980,-0.0000,0.0625,-0.0000,1.0000,-0.0000,-0.0625,-0.0000,-0.9980}},
      {pos=V3(2665.936,6.350,-951.206),vel=V3(0.898,0.124,-15.975),rot={-0.9980,-0.0000,0.0625,-0.0000,1.0000,-0.0000,-0.0625,-0.0000,-0.9980}},
      {pos=V3(2665.965,6.231,-951.738),vel=V3(0.903,-6.416,-15.974),rot={-0.9980,-0.0000,0.0625,-0.0000,1.0000,-0.0000,-0.0625,-0.0000,-0.9980}},
      {pos=V3(2666.005,5.713,-952.471),vel=V3(0.903,-15.408,-15.974),rot={-0.9980,-0.0000,0.0625,-0.0000,1.0000,-0.0000,-0.0625,-0.0000,-0.9980}},
      {pos=V3(2665.996,8.175,-953.209),vel=V3(-1.134,44.825,-12.287),rot={-0.9980,-0.0000,0.0625,-0.0000,1.0000,-0.0000,-0.0625,-0.0000,-0.9980}},
      {pos=V3(2665.947,10.151,-953.630),vel=V3(-0.782,35.015,-5.147),rot={-0.9980,-0.0000,0.0625,-0.0000,1.0000,-0.0000,-0.0625,-0.0000,-0.9980}},
      {pos=V3(2665.924,11.636,-953.695),vel=V3(-0.194,25.205,1.979),rot={-0.9980,-0.0000,0.0625,-0.0000,1.0000,-0.0000,-0.0625,-0.0000,-0.9980}},
      {pos=V3(2665.931,12.630,-953.403),vel=V3(0.482,15.395,9.097),rot={-0.9980,-0.0000,0.0625,-0.0000,1.0000,-0.0000,-0.0625,-0.0000,-0.9980}},
      {pos=V3(2666.005,13.193,-952.492),vel=V3(1.505,2.315,15.926),rot={-0.9980,-0.0000,0.0625,-0.0000,1.0000,-0.0000,-0.0625,-0.0000,-0.9980}},
      {pos=V3(2666.088,13.043,-951.697),vel=V3(1.772,-7.495,15.902),rot={-0.9980,-0.0000,0.0625,-0.0000,1.0000,-0.0000,-0.0625,-0.0000,-0.9980}},
      {pos=V3(2666.151,12.671,-951.167),vel=V3(1.963,-14.035,15.879),rot={-0.9980,-0.0000,0.0625,-0.0000,1.0000,-0.0000,-0.0625,-0.0000,-0.9980}},
      {pos=V3(2666.190,13.168,-950.857),vel=V3(0.002,11.200,0.013),rot={-0.9980,-0.0000,0.0625,-0.0000,1.0000,-0.0000,-0.0625,-0.0000,-0.9980}},
      {pos=V3(2666.239,13.945,-950.490),vel=V3(2.146,15.022,15.800),rot={-0.9980,-0.0000,0.0625,-0.0000,1.0000,-0.0000,-0.0625,-0.0000,-0.9980}},
      {pos=V3(2666.334,14.286,-949.696),vel=V3(1.826,2.653,15.895),rot={-0.9980,-0.0000,0.0625,-0.0000,1.0000,-0.0000,-0.0625,-0.0000,-0.9980}},
      {pos=V3(2666.345,14.348,-949.602),vel=V3(0.000,0.197,0.000),rot={-0.9980,-0.0000,0.0625,-0.0000,1.0000,-0.0000,-0.0625,-0.0000,-0.9980}},
      {pos=V3(2666.345,14.352,-949.602),vel=V3(0.000,0.058,0.000),rot={-0.9980,-0.0000,0.0625,-0.0000,1.0000,-0.0000,-0.0625,-0.0000,-0.9980}},
      {pos=V3(2666.475,14.353,-950.226),vel=V3(3.386,0.005,-15.632),rot={-0.9980,-0.0000,0.0625,-0.0000,1.0000,-0.0000,-0.0625,-0.0000,-0.9980}},
      {pos=V3(2666.640,14.353,-951.008),vel=V3(3.421,0.001,-15.630),rot={-0.9980,-0.0000,0.0625,-0.0000,1.0000,-0.0000,-0.0625,-0.0000,-0.9980}},
      {pos=V3(2666.794,14.230,-951.793),vel=V3(2.956,-6.540,-15.725),rot={-0.9980,-0.0000,0.0625,-0.0000,1.0000,-0.0000,-0.0625,-0.0000,-0.9980}},
      {pos=V3(2666.886,15.902,-952.318),vel=V3(2.554,47.277,-15.795),rot={-0.9980,-0.0000,0.0625,-0.0000,1.0000,-0.0000,-0.0625,-0.0000,-0.9980}},
      {pos=V3(2667.219,18.590,-953.120),vel=V3(5.432,34.197,-7.760),rot={-0.9980,-0.0000,0.0625,-0.0000,1.0000,-0.0000,-0.0625,-0.0000,-0.9980}},
      {pos=V3(2667.398,19.608,-953.290),vel=V3(5.325,27.657,-2.994),rot={-0.9988,-0.0000,0.0479,-0.0000,1.0000,-0.0000,-0.0479,-0.0000,-0.9988}},
      {pos=V3(2667.765,21.045,-953.122),vel=V3(5.012,13.760,7.130),rot={-0.9998,-0.0000,0.0178,-0.0000,1.0000,-0.0000,-0.0178,-0.0000,-0.9998}},
      {pos=V3(2667.927,21.382,-952.795),vel=V3(4.773,7.220,11.891),rot={-1.0000,-0.0000,0.0086,-0.0000,1.0000,-0.0000,-0.0086,-0.0000,-1.0000}},
      {pos=V3(2668.195,21.424,-951.868),vel=V3(3.965,-5.043,15.501),rot={-1.0000,-0.0000,-0.0077,-0.0000,1.0000,-0.0000,0.0077,-0.0000,-1.0000}},
      {pos=V3(2668.330,21.082,-951.284),vel=V3(3.596,-12.400,15.591),rot={-1.0000,-0.0000,-0.0077,-0.0000,1.0000,-0.0000,0.0077,-0.0000,-1.0000}},
      {pos=V3(2668.470,21.698,-950.645),vel=V3(3.113,21.307,15.610),rot={-1.0000,-0.0000,-0.0077,-0.0000,1.0000,-0.0000,0.0077,-0.0000,-1.0000}},
      {pos=V3(2668.616,22.256,-949.791),vel=V3(2.416,3.803,15.817),rot={-1.0000,-0.0000,-0.0073,-0.0000,1.0000,-0.0000,0.0073,-0.0000,-1.0000}},
      {pos=V3(2668.730,22.343,-948.798),vel=V3(1.492,0.391,15.930),rot={-1.0000,-0.0000,-0.0071,-0.0000,1.0000,-0.0000,0.0071,-0.0000,-1.0000}},
      {pos=V3(2668.802,22.352,-947.934),vel=V3(1.436,0.054,15.935),rot={-1.0000,-0.0000,-0.0071,-0.0000,1.0000,-0.0000,0.0071,-0.0000,-1.0000}},
      {pos=V3(2668.876,22.353,-947.205),vel=V3(1.769,0.010,15.902),rot={-1.0000,-0.0000,-0.0071,-0.0000,1.0000,-0.0000,0.0071,-0.0000,-1.0000}},
      {pos=V3(2668.958,22.353,-946.610),vel=V3(2.350,0.003,15.826),rot={-1.0000,-0.0000,-0.0071,-0.0000,1.0000,-0.0000,0.0071,-0.0000,-1.0000}},
      {pos=V3(2669.078,22.350,-945.887),vel=V3(2.699,0.084,15.771),rot={-1.0000,-0.0000,-0.0071,-0.0000,1.0000,-0.0000,0.0071,-0.0000,-1.0000}},
      {pos=V3(2669.220,22.346,-945.100),vel=V3(2.904,-0.011,15.734),rot={-1.0000,-0.0000,-0.0071,-0.0000,1.0000,-0.0000,0.0071,-0.0000,-1.0000}},
      {pos=V3(2669.403,24.773,-944.049),vel=V3(2.608,44.007,15.786),rot={-1.0000,-0.0000,-0.0071,-0.0000,1.0000,-0.0000,0.0071,-0.0000,-1.0000}},
      {pos=V3(2669.490,26.117,-943.522),vel=V3(2.599,37.467,15.787),rot={-1.0000,-0.0000,-0.0071,-0.0000,1.0000,-0.0000,0.0071,-0.0000,-1.0000}},
      {pos=V3(2669.611,27.725,-942.732),vel=V3(2.369,27.657,15.824),rot={-1.0000,-0.0000,-0.0071,-0.0000,1.0000,-0.0000,0.0071,-0.0000,-1.0000}},
      {pos=V3(2669.733,28.913,-941.874),vel=V3(2.187,17.030,15.850),rot={-1.0000,-0.0000,-0.0071,-0.0000,1.0000,-0.0000,0.0071,-0.0000,-1.0000}},
      {pos=V3(2669.868,29.585,-940.815),vel=V3(1.984,3.950,15.877),rot={-1.0000,-0.0000,-0.0071,-0.0000,1.0000,-0.0000,0.0071,-0.0000,-1.0000}},
      {pos=V3(2669.926,29.605,-940.352),vel=V3(2.014,-1.773,15.873),rot={-1.0000,-0.0000,-0.0071,-0.0000,1.0000,-0.0000,0.0071,-0.0000,-1.0000}},
      {pos=V3(2670.019,29.250,-939.558),vel=V3(1.681,-11.583,15.911),rot={-1.0000,-0.0000,-0.0071,-0.0000,1.0000,-0.0000,0.0071,-0.0000,-1.0000}},
      {pos=V3(2670.090,28.313,-938.694),vel=V3(0.976,-22.210,15.970),rot={-1.0000,-0.0000,-0.0071,-0.0000,1.0000,-0.0000,0.0071,-0.0000,-1.0000}},
      {pos=V3(2670.118,26.516,-937.694),vel=V3(0.299,-34.473,15.997),rot={-1.0000,-0.0000,-0.0071,-0.0000,1.0000,-0.0000,0.0071,-0.0000,-1.0000}},
      {pos=V3(2670.127,25.070,-937.095),vel=V3(0.225,-41.830,15.998),rot={-1.0000,-0.0000,-0.0071,-0.0000,1.0000,-0.0000,0.0071,-0.0000,-1.0000}},
      {pos=V3(2670.128,22.713,-936.295),vel=V3(-0.107,-51.640,16.000),rot={-1.0000,-0.0000,-0.0071,-0.0000,1.0000,-0.0000,0.0071,-0.0000,-1.0000}},
      {pos=V3(2670.118,23.070,-935.495),vel=V3(-0.234,12.357,15.998),rot={-1.0000,-0.0000,-0.0071,-0.0000,1.0000,-0.0000,0.0071,-0.0000,-1.0000}},
      {pos=V3(2670.108,25.620,-934.495),vel=V3(-0.091,44.007,16.000),rot={-1.0000,-0.0000,-0.0071,-0.0000,1.0000,-0.0000,0.0071,-0.0000,-1.0000}},
      {pos=V3(2670.107,27.554,-933.695),vel=V3(0.087,34.197,16.000),rot={-1.0000,-0.0000,-0.0071,-0.0000,1.0000,-0.0000,0.0071,-0.0000,-1.0000}},
      {pos=V3(2670.122,29.097,-932.829),vel=V3(0.327,23.570,15.997),rot={-1.0000,-0.0000,-0.0071,-0.0000,1.0000,-0.0000,0.0071,-0.0000,-1.0000}},
      {pos=V3(2670.140,29.760,-932.296),vel=V3(0.676,17.030,15.986),rot={-1.0000,-0.0000,-0.0071,-0.0000,1.0000,-0.0000,0.0071,-0.0000,-1.0000}},
      {pos=V3(2670.177,30.345,-931.497),vel=V3(0.778,7.220,15.981),rot={-1.0000,-0.0000,-0.0071,-0.0000,1.0000,-0.0000,0.0071,-0.0000,-1.0000}},
      {pos=V3(2670.210,30.441,-930.809),vel=V3(0.518,-2.590,10.625),rot={-1.0000,-0.0000,-0.0071,-0.0000,1.0000,-0.0000,0.0071,-0.0000,-1.0000}},
      {pos=V3(2670.225,30.097,-930.486),vel=V3(0.199,-11.583,4.078),rot={-1.0000,-0.0000,-0.0071,-0.0000,1.0000,-0.0000,0.0071,-0.0000,-1.0000}},
      {pos=V3(2670.228,29.160,-930.435),vel=V3(0.000,-22.210,0.001),rot={-1.0000,-0.0000,-0.0071,-0.0000,1.0000,-0.0000,0.0071,-0.0000,-1.0000}},
      {pos=V3(2670.228,27.216,-930.435),vel=V3(0.000,-35.290,0.000),rot={-1.0000,-0.0000,-0.0071,-0.0000,1.0000,-0.0000,0.0071,-0.0000,-1.0000}},
      {pos=V3(2670.228,26.091,-930.435),vel=V3(-0.000,-41.013,-0.000),rot={-1.0000,-0.0000,-0.0071,-0.0000,1.0000,-0.0000,0.0071,-0.0000,-1.0000}},
      {pos=V3(2670.228,23.560,-930.435),vel=V3(-0.000,-51.640,-0.000),rot={-1.0000,-0.0000,-0.0071,-0.0000,1.0000,-0.0000,0.0071,-0.0000,-1.0000}},
      {pos=V3(2670.228,23.354,-930.435),vel=V3(0.000,2.884,0.000),rot={-1.0000,-0.0000,-0.0071,-0.0000,1.0000,-0.0000,0.0071,-0.0000,-1.0000}},
      {pos=V3(2670.228,23.407,-930.435),vel=V3(0.000,0.977,0.000),rot={-1.0000,-0.0000,-0.0071,-0.0000,1.0000,-0.0000,0.0071,-0.0000,-1.0000}},
      {pos=V3(2670.228,24.286,-930.435),vel=V3(0.000,50.547,0.000),rot={-1.0000,-0.0000,-0.0071,-0.0000,1.0000,-0.0000,0.0071,-0.0000,-1.0000}},
      {pos=V3(2670.224,26.547,-930.415),vel=V3(-0.293,40.737,1.555),rot={-1.0000,-0.0000,-0.0071,-0.0000,1.0000,-0.0000,0.0071,-0.0000,-1.0000}},
      {pos=V3(2670.192,28.319,-930.145),vel=V3(-0.759,30.927,8.681),rot={-1.0000,-0.0000,-0.0071,-0.0000,1.0000,-0.0000,0.0071,-0.0000,-1.0000}},
      {pos=V3(2670.167,29.917,-929.252),vel=V3(0.042,17.847,15.994),rot={-1.0000,-0.0000,-0.0071,-0.0000,1.0000,-0.0000,0.0071,-0.0000,-1.0000}},
      {pos=V3(2670.178,30.544,-928.452),vel=V3(0.351,8.037,15.996),rot={-1.0000,-0.0000,-0.0071,-0.0000,1.0000,-0.0000,0.0071,-0.0000,-1.0000}},
      {pos=V3(2670.196,30.680,-927.652),vel=V3(0.370,-1.773,15.996),rot={-1.0000,-0.0000,-0.0071,-0.0000,1.0000,-0.0000,0.0071,-0.0000,-1.0000}},
      {pos=V3(2670.208,30.498,-927.119),vel=V3(0.365,-8.313,15.996),rot={-1.0000,-0.0000,-0.0071,-0.0000,1.0000,-0.0000,0.0071,-0.0000,-1.0000}},
      {pos=V3(2670.224,29.481,-926.053),vel=V3(0.184,-21.393,15.999),rot={-1.0000,-0.0000,-0.0071,-0.0000,1.0000,-0.0000,0.0071,-0.0000,-1.0000}},
      {pos=V3(2670.230,28.645,-925.520),vel=V3(0.149,-27.933,15.999),rot={-1.0000,-0.0000,-0.0071,-0.0000,1.0000,-0.0000,0.0071,-0.0000,-1.0000}},
      {pos=V3(2670.236,26.822,-924.653),vel=V3(0.114,-38.560,16.000),rot={-1.0000,-0.0000,-0.0071,-0.0000,1.0000,-0.0000,0.0071,-0.0000,-1.0000}},
      {pos=V3(2670.242,24.003,-923.847),vel=V3(0.063,-50.823,8.850),rot={-1.0000,-0.0000,-0.0071,-0.0000,1.0000,-0.0000,0.0071,-0.0000,-1.0000}},
      {pos=V3(2670.243,23.010,-923.708),vel=V3(0.001,6.072,0.128),rot={-1.0000,-0.0000,-0.0071,-0.0000,1.0000,-0.0000,0.0071,-0.0000,-1.0000}},
      {pos=V3(2670.243,23.367,-923.708),vel=V3(0.000,2.579,0.000),rot={-1.0000,-0.0000,-0.0071,-0.0000,1.0000,-0.0000,0.0071,-0.0000,-1.0000}},
      {pos=V3(2670.243,23.423,-923.708),vel=V3(0.000,0.248,0.000),rot={-1.0000,-0.0000,-0.0071,-0.0000,1.0000,-0.0000,0.0071,-0.0000,-1.0000}},
      {pos=V3(2670.147,23.428,-923.176),vel=V3(-1.143,0.040,15.943),rot={-1.0000,-0.0000,-0.0071,-0.0000,1.0000,-0.0000,0.0071,-0.0000,-1.0000}},
      {pos=V3(2670.091,24.170,-922.378),vel=V3(-1.123,50.548,15.961),rot={-1.0000,-0.0000,-0.0071,-0.0000,1.0000,-0.0000,0.0071,-0.0000,-1.0000}},
      {pos=V3(2670.090,25.732,-921.845),vel=V3(0.112,44.007,16.000),rot={-1.0000,-0.0000,-0.0071,-0.0000,1.0000,-0.0000,0.0071,-0.0000,-1.0000}},
      {pos=V3(2670.099,27.806,-920.978),vel=V3(0.176,33.380,15.999),rot={-1.0000,-0.0000,-0.0071,-0.0000,1.0000,-0.0000,0.0071,-0.0000,-1.0000}},
      {pos=V3(2670.103,29.568,-919.912),vel=V3(0.074,20.300,16.000),rot={-1.0000,-0.0000,-0.0071,-0.0000,1.0000,-0.0000,0.0071,-0.0000,-1.0000}},
      {pos=V3(2670.113,30.274,-919.179),vel=V3(0.292,11.307,15.997),rot={-1.0000,-0.0000,-0.0071,-0.0000,1.0000,-0.0000,0.0071,-0.0000,-1.0000}},
      {pos=V3(2670.125,30.528,-918.645),vel=V3(0.368,4.767,15.996),rot={-1.0000,-0.0000,-0.0071,-0.0000,1.0000,-0.0000,0.0071,-0.0000,-1.0000}},
      {pos=V3(2670.150,30.476,-917.779),vel=V3(0.527,-5.860,15.991),rot={-1.0000,-0.0000,-0.0071,-0.0000,1.0000,-0.0000,0.0071,-0.0000,-1.0000}},
      {pos=V3(2670.189,29.622,-916.713),vel=V3(0.593,-18.940,15.989),rot={-1.0000,-0.0000,-0.0071,-0.0000,1.0000,-0.0000,0.0071,-0.0000,-1.0000}},
      {pos=V3(2670.206,28.975,-916.246),vel=V3(0.590,-24.663,15.989),rot={-1.0000,-0.0000,-0.0071,-0.0000,1.0000,-0.0000,0.0071,-0.0000,-1.0000}},
      {pos=V3(2670.238,28.225,-915.380),vel=V3(0.588,3.221,15.989),rot={-1.0000,-0.0000,-0.0071,-0.0000,1.0000,-0.0000,0.0071,-0.0000,-1.0000}},
      {pos=V3(2670.274,28.326,-914.553),vel=V3(0.045,0.506,1.034),rot={-1.0000,-0.0000,-0.0071,-0.0000,1.0000,-0.0000,0.0071,-0.0000,-1.0000}},
      {pos=V3(2670.274,28.335,-914.552),vel=V3(0.000,0.166,0.000),rot={-1.0000,-0.0000,-0.0071,-0.0000,1.0000,-0.0000,0.0071,-0.0000,-1.0000}},
      {pos=V3(2670.274,28.338,-914.552),vel=V3(0.000,0.020,0.000),rot={-1.0000,-0.0000,-0.0071,-0.0000,1.0000,-0.0000,0.0071,-0.0000,-1.0000}},
      {pos=V3(2670.274,28.339,-914.552),vel=V3(0.000,0.003,0.000),rot={-1.0000,-0.0000,-0.0071,-0.0000,1.0000,-0.0000,0.0071,-0.0000,-1.0000}},
      {pos=V3(2670.274,28.339,-914.552),vel=V3(0.000,0.000,0.000),rot={-1.0000,-0.0000,-0.0071,-0.0000,1.0000,-0.0000,0.0071,-0.0000,-1.0000}},
      {pos=V3(2670.274,28.339,-914.552),vel=V3(0.000,0.000,0.000),rot={-1.0000,-0.0000,-0.0071,-0.0000,1.0000,-0.0000,0.0071,-0.0000,-1.0000}},
      {pos=V3(2670.274,28.339,-914.552),vel=V3(0.000,0.000,0.000),rot={-1.0000,-0.0000,-0.0071,-0.0000,1.0000,-0.0000,0.0071,-0.0000,-1.0000}},
      {pos=V3(2670.338,28.339,-915.074),vel=V3(1.782,0.000,-15.863),rot={-1.0000,-0.0000,-0.0071,-0.0000,1.0000,-0.0000,0.0071,-0.0000,-1.0000}},
      {pos=V3(2670.379,28.339,-915.539),vel=V3(1.329,0.000,-15.945),rot={-1.0000,-0.0000,-0.0071,-0.0000,1.0000,-0.0000,0.0071,-0.0000,-1.0000}},
      {pos=V3(2670.447,28.186,-916.603),vel=V3(0.943,-7.357,-15.972),rot={-1.0000,-0.0000,-0.0071,-0.0000,1.0000,-0.0000,0.0071,-0.0000,-1.0000}},
      {pos=V3(2670.488,29.700,-917.377),vel=V3(0.361,47.277,-13.661),rot={-1.0000,-0.0000,-0.0071,-0.0000,1.0000,-0.0000,0.0071,-0.0000,-1.0000}},
      {pos=V3(2670.489,31.951,-917.892),vel=V3(-0.185,36.650,-5.937),rot={-1.0000,-0.0000,-0.0071,-0.0000,1.0000,-0.0000,0.0071,-0.0000,-1.0000}},
      {pos=V3(2670.480,33.050,-918.001),vel=V3(-0.294,30.110,-1.171),rot={-1.0000,-0.0000,-0.0071,-0.0000,1.0000,-0.0000,0.0071,-0.0000,-1.0000}},
      {pos=V3(2670.464,34.290,-917.866),vel=V3(-0.323,20.300,5.978),rot={-1.0000,-0.0000,-0.0071,-0.0000,1.0000,-0.0000,0.0071,-0.0000,-1.0000}},
      {pos=V3(2670.453,34.996,-917.428),vel=V3(-0.156,11.307,12.530),rot={-1.0000,-0.0000,-0.0071,-0.0000,1.0000,-0.0000,0.0071,-0.0000,-1.0000}},
      {pos=V3(2670.460,35.286,-916.398),vel=V3(0.280,-1.773,15.998),rot={-1.0000,-0.0000,-0.0071,-0.0000,1.0000,-0.0000,0.0071,-0.0000,-1.0000}},
      {pos=V3(2670.476,35.066,-915.798),vel=V3(0.552,-9.130,15.990),rot={-1.0000,-0.0000,-0.0071,-0.0000,1.0000,-0.0000,0.0071,-0.0000,-1.0000}},
      {pos=V3(2670.548,35.252,-915.069),vel=V3(2.253,3.297,15.840),rot={-1.0000,-0.0000,-0.0071,-0.0000,1.0000,-0.0000,0.0071,-0.0000,-1.0000}},
      {pos=V3(2670.737,35.327,-914.223),vel=V3(4.033,0.481,15.483),rot={-1.0000,-0.0000,-0.0071,-0.0000,1.0000,-0.0000,0.0071,-0.0000,-1.0000}},
      {pos=V3(2670.950,35.337,-913.522),vel=V3(5.052,0.091,15.181),rot={-0.9997,-0.0000,-0.0243,-0.0000,1.0000,-0.0000,0.0243,-0.0000,-0.9997}},
      {pos=V3(2671.314,35.339,-912.663),vel=V3(6.868,0.011,14.451),rot={-0.9986,-0.0000,-0.0533,-0.0000,1.0000,-0.0000,0.0533,-0.0000,-0.9986}},
      {pos=V3(2671.762,35.339,-911.769),vel=V3(7.267,0.001,14.255),rot={-0.9960,-0.0000,-0.0892,-0.0000,1.0000,-0.0000,0.0892,-0.0000,-0.9960}},
      {pos=V3(2672.010,35.339,-911.297),vel=V3(7.496,0.000,14.135),rot={-0.9940,-0.0000,-0.1091,-0.0000,1.0000,-0.0000,0.1091,-0.0000,-0.9940}},
      {pos=V3(2672.509,35.339,-910.431),vel=V3(8.353,0.000,13.647),rot={-0.9888,-0.0000,-0.1491,-0.0000,1.0000,-0.0000,0.1491,-0.0000,-0.9888}},
      {pos=V3(2672.829,37.204,-909.922),vel=V3(8.674,46.460,13.445),rot={-0.9855,-0.0000,-0.1696,-0.0000,1.0000,-0.0000,0.1696,-0.0000,-0.9855}},
      {pos=V3(2673.236,39.108,-909.312),vel=V3(8.918,37.467,13.284),rot={-0.9797,-0.0000,-0.2007,0.0000,1.0000,-0.0000,0.2007,-0.0000,-0.9797}},
      {pos=V3(2673.810,41.143,-908.413),vel=V3(8.213,24.387,13.731),rot={-0.9712,-0.0000,-0.2382,0.0000,1.0000,-0.0000,0.2382,-0.0000,-0.9712}},
      {pos=V3(2674.085,41.833,-907.956),vel=V3(8.310,17.847,13.672),rot={-0.9673,-0.0000,-0.2535,0.0000,1.0000,-0.0000,0.2535,-0.0000,-0.9673}},
      {pos=V3(2674.504,42.460,-907.275),vel=V3(8.459,8.037,13.581),rot={-0.9628,-0.0000,-0.2700,0.0000,1.0000,-0.0000,0.2700,-0.0000,-0.9628}},
      {pos=V3(2675.107,42.508,-906.316),vel=V3(8.615,-5.860,13.482),rot={-0.9561,-0.0000,-0.2929,0.0000,1.0000,-0.0000,0.2929,-0.0000,-0.9561}},
      {pos=V3(2675.395,42.190,-905.867),vel=V3(8.691,-12.400,13.434),rot={-0.9535,-0.0000,-0.3014,0.0000,1.0000,-0.0000,0.3014,-0.0000,-0.9535}},
      {pos=V3(2675.830,41.304,-905.195),vel=V3(8.647,-22.210,13.462),rot={-0.9486,-0.0000,-0.3164,0.0000,1.0000,-0.0000,0.3164,-0.0000,-0.9486}},
      {pos=V3(2676.277,40.062,-904.505),vel=V3(11.330,-31.203,17.403),rot={-0.9436,-0.0000,-0.3310,0.0000,1.0000,-0.0000,0.3310,-0.0000,-0.9436}},
      {pos=V3(2676.935,38.236,-903.507),vel=V3(13.918,-41.013,20.765),rot={-0.9349,-0.0000,-0.3549,0.0000,1.0000,-0.0000,0.3549,-0.0000,-0.9349}},
      {pos=V3(2677.647,35.920,-902.480),vel=V3(14.385,-50.823,20.416),rot={-0.9246,-0.0000,-0.3808,0.0000,1.0000,-0.0000,0.3808,-0.0000,-0.9246}},
      {pos=V3(2678.037,35.481,-901.938),vel=V3(0.034,4.364,0.047),rot={-0.9175,-0.0000,-0.3976,0.0000,1.0000,-0.0000,0.3976,-0.0000,-0.9175}},
      {pos=V3(2678.037,35.575,-901.938),vel=V3(0.000,0.963,0.000),rot={-0.9996,-0.0000,-0.0280,-0.0000,1.0000,-0.0000,0.0280,-0.0000,-0.9996}},
      {pos=V3(2678.037,35.598,-901.938),vel=V3(0.000,0.147,0.000),rot={-0.9956,-0.0000,0.0941,-0.0000,1.0000,-0.0000,-0.0941,-0.0000,-0.9956}},
      {pos=V3(2678.037,35.600,-901.938),vel=V3(0.000,0.028,0.000),rot={-0.9937,-0.0000,0.1120,-0.0000,1.0000,-0.0000,-0.1120,-0.0000,-0.9937}},
      {pos=V3(2677.746,35.602,-901.746),vel=V3(-18.744,0.111,13.130),rot={-0.9937,-0.0000,0.1120,-0.0000,1.0000,-0.0000,-0.1120,-0.0000,-0.9937}},
      {pos=V3(2676.768,35.617,-900.977),vel=V3(-19.534,0.422,15.595),rot={-0.9937,-0.0000,0.1120,-0.0000,1.0000,-0.0000,-0.1120,-0.0000,-0.9937}},
      {pos=V3(2675.765,35.636,-900.232),vel=V3(-20.589,0.337,14.174),rot={-0.9937,-0.0000,0.1120,-0.0000,1.0000,-0.0000,-0.1120,-0.0000,-0.9937}},
      {pos=V3(2674.730,37.312,-899.532),vel=V3(-20.603,47.277,14.160),rot={-0.9937,-0.0000,0.1120,-0.0000,1.0000,-0.0000,-0.1120,-0.0000,-0.9937}},
      {pos=V3(2673.637,39.563,-898.733),vel=V3(-19.993,36.650,15.009),rot={-0.9937,-0.0000,0.1120,-0.0000,1.0000,-0.0000,-0.1120,-0.0000,-0.9937}},
      {pos=V3(2672.639,41.130,-897.980),vel=V3(-20.036,26.840,14.952),rot={-0.9937,-0.0000,0.1120,-0.0000,1.0000,-0.0000,-0.1120,-0.0000,-0.9937}},
      {pos=V3(2671.686,42.135,-897.344),vel=V3(-21.316,17.847,13.061),rot={-0.9937,-0.0000,0.1120,-0.0000,1.0000,-0.0000,-0.1120,-0.0000,-0.9937}},
      {pos=V3(2670.593,42.762,-896.739),vel=V3(-22.080,8.037,11.725),rot={-0.9937,-0.0000,0.1120,-0.0000,1.0000,-0.0000,-0.1120,-0.0000,-0.9937}},
      {pos=V3(2669.474,42.898,-896.181),vel=V3(-22.406,-1.773,11.089),rot={-0.9945,-0.0000,0.1050,-0.0000,1.0000,-0.0000,-0.1050,-0.0000,-0.9945}},
      {pos=V3(2668.077,42.316,-895.326),vel=V3(-18.389,-14.853,13.153),rot={-0.9851,-0.0000,-0.1718,-0.0000,1.0000,-0.0000,0.1718,-0.0000,-0.9851}},
      {pos=V3(2667.537,41.699,-894.940),vel=V3(-14.512,-21.393,10.380),rot={-0.9380,-0.0000,-0.3466,0.0000,1.0000,-0.0000,0.3466,-0.0000,-0.9380}},
      {pos=V3(2666.969,40.363,-894.534),vel=V3(-8.696,-31.203,6.220),rot={-0.8992,-0.0000,-0.4375,0.0000,1.0000,-0.0000,0.4375,-0.0000,-0.8992}},
      {pos=V3(2666.691,38.538,-894.335),vel=V3(-2.881,-41.013,2.061),rot={-0.8953,-0.0000,-0.4456,0.0000,1.0000,-0.0000,0.4456,-0.0000,-0.8953}},
      {pos=V3(2666.865,35.447,-894.173),vel=V3(16.578,-28.563,11.233),rot={-0.8953,-0.0000,-0.4456,0.0000,1.0000,-0.0000,0.4456,-0.0000,-0.8953}},
      {pos=V3(2667.550,35.435,-893.722),vel=V3(20.940,3.168,13.591),rot={-0.8953,-0.0000,-0.4456,0.0000,1.0000,-0.0000,0.4456,-0.0000,-0.8953}},
      {pos=V3(2668.611,36.296,-893.067),vel=V3(21.250,50.547,13.025),rot={-0.8953,-0.0000,-0.4455,0.0000,1.0000,-0.0000,0.4455,-0.0000,-0.8953}},
      {pos=V3(2669.662,38.558,-892.391),vel=V3(20.846,40.737,13.801),rot={-0.8953,-0.0000,-0.4455,0.0000,1.0000,-0.0000,0.4455,-0.0000,-0.8953}},
      {pos=V3(2670.702,40.329,-891.697),vel=V3(20.788,30.927,13.887),rot={-0.8953,-0.0000,-0.4455,0.0000,1.0000,-0.0000,0.4455,-0.0000,-0.8953}},
      {pos=V3(2671.740,41.610,-891.000),vel=V3(20.757,21.117,13.933),rot={-0.8953,-0.0000,-0.4455,0.0000,1.0000,-0.0000,0.4455,-0.0000,-0.8953}},
      {pos=V3(2672.794,42.400,-890.329),vel=V3(21.404,11.307,12.917),rot={-0.8953,-0.0000,-0.4455,0.0000,1.0000,-0.0000,0.4455,-0.0000,-0.8953}},
      {pos=V3(2673.902,42.700,-889.749),vel=V3(22.518,1.497,10.859),rot={-0.8953,-0.0000,-0.4455,0.0000,1.0000,-0.0000,0.4455,-0.0000,-0.8953}},
      {pos=V3(2675.050,42.509,-889.256),vel=V3(23.089,-8.313,9.586),rot={-0.8984,-0.0000,-0.4392,0.0000,1.0000,-0.0000,0.4392,-0.0000,-0.8984}},
      {pos=V3(2676.196,41.828,-888.756),vel=V3(22.563,-18.123,10.766),rot={-0.9573,-0.0000,-0.2891,0.0000,1.0000,-0.0000,0.2891,-0.0000,-0.9573}},
      {pos=V3(2677.227,40.656,-888.100),vel=V3(18.441,-27.933,13.072),rot={-0.9856,-0.0000,-0.1692,-0.0000,1.0000,-0.0000,0.1692,-0.0000,-0.9856}},
      {pos=V3(2677.991,38.993,-887.558),vel=V3(12.608,-37.743,8.937),rot={-0.9978,-0.0000,-0.0658,-0.0000,1.0000,-0.0000,0.0658,-0.0000,-0.9978}},
      {pos=V3(2678.464,36.841,-887.223),vel=V3(6.775,-47.553,4.802),rot={-0.9978,-0.0000,-0.0658,-0.0000,1.0000,-0.0000,0.0658,-0.0000,-0.9978}},
      {pos=V3(2678.502,35.412,-887.050),vel=V3(-4.853,3.788,7.207),rot={-0.9978,-0.0000,-0.0658,-0.0000,1.0000,-0.0000,0.0658,-0.0000,-0.9978}},
      {pos=V3(2677.810,35.584,-886.013),vel=V3(-13.994,3.190,20.470),rot={-0.9978,-0.0000,-0.0658,-0.0000,1.0000,-0.0000,0.0658,-0.0000,-0.9978}},
      {pos=V3(2677.119,37.826,-885.104),vel=V3(-15.956,44.825,19.246),rot={-0.9978,-0.0000,-0.0659,-0.0000,1.0000,-0.0000,0.0659,-0.0000,-0.9978}},
      {pos=V3(2676.197,39.944,-884.114),vel=V3(-17.978,34.197,17.372),rot={-0.9978,-0.0000,-0.0659,-0.0000,1.0000,-0.0000,0.0659,-0.0000,-0.9978}},
      {pos=V3(2675.316,41.287,-883.381),vel=V3(-19.614,25.205,15.501),rot={-0.9978,-0.0000,-0.0659,-0.0000,1.0000,-0.0000,0.0659,-0.0000,-0.9978}},
      {pos=V3(2674.317,42.281,-882.631),vel=V3(-20.212,15.395,14.713),rot={-0.9978,-0.0000,-0.0659,-0.0000,1.0000,-0.0000,0.0659,-0.0000,-0.9978}},
      {pos=V3(2673.296,42.785,-881.909),vel=V3(-20.518,5.585,14.283),rot={-0.9978,-0.0000,-0.0659,-0.0000,1.0000,-0.0000,0.0659,-0.0000,-0.9978}},
      {pos=V3(2672.269,42.799,-881.198),vel=V3(-20.692,-4.225,14.029),rot={-0.9978,-0.0000,-0.0659,-0.0000,1.0000,-0.0000,0.0659,-0.0000,-0.9978}},
      {pos=V3(2671.126,42.260,-880.471),vel=V3(-21.258,-14.853,13.156),rot={-0.9978,-0.0000,-0.0659,-0.0000,1.0000,-0.0000,0.0659,-0.0000,-0.9978}},
      {pos=V3(2670.142,41.354,-879.883),vel=V3(-21.552,-23.845,12.670),rot={-0.9973,-0.0000,-0.0729,-0.0000,1.0000,-0.0000,0.0729,-0.0000,-0.9973}},
      {pos=V3(2669.074,39.896,-879.233),vel=V3(-21.192,-33.655,13.262),rot={-0.9956,-0.0000,-0.0940,-0.0000,1.0000,-0.0000,0.0940,-0.0000,-0.9956}},
      {pos=V3(2667.830,37.189,-878.143),vel=V3(-15.622,-46.735,19.166),rot={-0.9752,-0.0000,-0.2214,0.0000,1.0000,-0.0000,0.2214,-0.0000,-0.9752}},
      {pos=V3(2667.455,35.509,-877.432),vel=V3(-4.778,-53.275,24.341),rot={-0.9709,-0.0000,-0.2394,0.0000,1.0000,-0.0000,0.2394,-0.0000,-0.9709}},
      {pos=V3(2667.617,35.551,-875.991),vel=V3(4.753,3.945,24.486),rot={-0.9709,-0.0000,-0.2394,0.0000,1.0000,-0.0000,0.2394,-0.0000,-0.9709}},
      {pos=V3(2667.919,36.775,-874.788),vel=V3(6.214,49.730,23.995),rot={-0.9709,-0.0000,-0.2394,0.0000,1.0000,-0.0000,0.2394,-0.0000,-0.9709}},
      {pos=V3(2668.267,38.659,-873.808),vel=V3(9.365,41.555,23.178),rot={-0.9709,-0.0000,-0.2394,0.0000,1.0000,-0.0000,0.2394,-0.0000,-0.9709}},
      {pos=V3(2668.854,40.600,-872.589),vel=V3(12.077,30.927,21.889),rot={-0.9709,-0.0000,-0.2394,0.0000,1.0000,-0.0000,0.2394,-0.0000,-0.9709}},
      {pos=V3(2669.562,41.881,-871.562),vel=V3(15.263,21.117,19.799),rot={-0.9709,-0.0000,-0.2394,0.0000,1.0000,-0.0000,0.2394,-0.0000,-0.9709}},
      {pos=V3(2670.429,42.671,-870.664),vel=V3(18.619,11.307,16.682),rot={-0.9709,-0.0000,-0.2394,0.0000,1.0000,-0.0000,0.2394,-0.0000,-0.9709}},
      {pos=V3(2671.344,42.965,-869.975),vel=V3(20.500,2.315,14.308),rot={-0.9709,-0.0000,-0.2394,0.0000,1.0000,-0.0000,0.2394,-0.0000,-0.9709}},
      {pos=V3(2672.479,42.780,-869.238),vel=V3(21.326,-8.313,13.046),rot={-0.9709,-0.0000,-0.2394,0.0000,1.0000,-0.0000,0.2394,-0.0000,-0.9709}},
      {pos=V3(2673.571,42.099,-868.629),vel=V3(22.101,-18.123,11.686),rot={-0.9726,-0.0000,-0.2325,0.0000,1.0000,-0.0000,0.2325,-0.0000,-0.9726}},
      {pos=V3(2674.681,40.927,-868.055),vel=V3(22.121,-27.933,11.648),rot={-0.9839,-0.0000,-0.1788,-0.0000,1.0000,-0.0000,0.1788,-0.0000,-0.9839}},
      {pos=V3(2675.737,39.265,-867.387),vel=V3(20.240,-37.743,14.672),rot={-0.9985,-0.0000,-0.0542,-0.0000,1.0000,-0.0000,0.0542,-0.0000,-0.9985}},
      {pos=V3(2676.695,37.112,-866.585),vel=V3(18.677,-47.553,16.618),rot={-0.9996,-0.0000,0.0270,-0.0000,1.0000,-0.0000,-0.0270,-0.0000,-0.9996}},
      {pos=V3(2677.520,35.478,-865.791),vel=V3(17.682,-0.875,17.637),rot={-0.9983,-0.0000,0.0587,-0.0000,1.0000,-0.0000,-0.0587,-0.0000,-0.9983}},
      {pos=V3(2678.063,35.516,-865.243),vel=V3(0.108,0.117,0.109),rot={-0.9960,-0.0000,0.0896,-0.0000,1.0000,-0.0000,-0.0896,-0.0000,-0.9960}},
      {pos=V3(2678.063,35.511,-865.243),vel=V3(0.000,0.067,0.000),rot={-0.9960,-0.0000,0.0896,-0.0000,1.0000,-0.0000,-0.0896,-0.0000,-0.9960}},
      {pos=V3(2678.063,35.530,-865.243),vel=V3(0.000,0.642,0.000),rot={-0.9960,-0.0000,0.0896,-0.0000,1.0000,-0.0000,-0.0896,-0.0000,-0.9960}},
      {pos=V3(2677.576,35.582,-865.065),vel=V3(-21.041,0.845,8.900),rot={-0.9960,-0.0000,0.0896,-0.0000,1.0000,-0.0000,-0.0896,-0.0000,-0.9960}},
      {pos=V3(2676.790,35.603,-864.569),vel=V3(-20.719,0.418,13.944),rot={-0.9960,-0.0000,0.0896,-0.0000,1.0000,-0.0000,-0.0896,-0.0000,-0.9960}},
      {pos=V3(2675.839,37.844,-863.929),vel=V3(-20.865,44.825,13.771),rot={-0.9960,-0.0000,0.0896,-0.0000,1.0000,-0.0000,-0.0896,-0.0000,-0.9960}},
      {pos=V3(2674.697,39.962,-863.202),vel=V3(-21.275,34.197,13.128),rot={-0.9960,-0.0000,0.0896,-0.0000,1.0000,-0.0000,-0.0896,-0.0000,-0.9960}},
      {pos=V3(2673.628,41.407,-862.554),vel=V3(-21.420,24.387,12.891),rot={-0.9960,-0.0000,0.0896,-0.0000,1.0000,-0.0000,-0.0896,-0.0000,-0.9960}},
      {pos=V3(2672.553,42.360,-861.915),vel=V3(-21.479,14.577,12.792),rot={-0.9960,-0.0000,0.0896,-0.0000,1.0000,-0.0000,-0.0896,-0.0000,-0.9960}},
      {pos=V3(2671.477,42.824,-861.278),vel=V3(-21.540,4.767,12.690),rot={-0.9960,-0.0000,0.0896,-0.0000,1.0000,-0.0000,-0.0896,-0.0000,-0.9960}},
      {pos=V3(2670.394,42.796,-860.653),vel=V3(-21.681,-5.043,12.447),rot={-0.9971,-0.0000,0.0756,-0.0000,1.0000,-0.0000,-0.0756,-0.0000,-0.9971}},
      {pos=V3(2669.314,42.278,-860.023),vel=V3(-21.629,-14.853,12.537),rot={-1.0000,-0.0000,-0.0054,-0.0000,1.0000,-0.0000,0.0054,-0.0000,-1.0000}},
      {pos=V3(2668.251,41.164,-859.191),vel=V3(-17.912,-25.480,17.432),rot={-0.9614,-0.0000,-0.2753,0.0000,1.0000,-0.0000,0.2753,-0.0000,-0.9614}},
      {pos=V3(2667.548,39.771,-858.506),vel=V3(-13.215,-34.473,12.861),rot={-0.8909,-0.0000,-0.4543,0.0000,1.0000,-0.0000,0.4543,-0.0000,-0.8909}},
      {pos=V3(2667.026,37.782,-857.998),vel=V3(-8.091,-44.283,7.874),rot={-0.8633,-0.0000,-0.5047,0.0000,1.0000,-0.0000,0.5047,-0.0000,-0.8633}},
      {pos=V3(2666.809,35.413,-857.787),vel=V3(-0.092,-27.461,0.090),rot={-0.8633,-0.0000,-0.5047,0.0000,1.0000,-0.0000,0.5047,-0.0000,-0.8633}},
      {pos=V3(2666.808,35.546,-857.786),vel=V3(-0.000,3.507,0.000),rot={-0.8633,-0.0000,-0.5047,0.0000,1.0000,-0.0000,0.5047,-0.0000,-0.8633}},
      {pos=V3(2667.308,35.619,-856.958),vel=V3(13.841,0.476,20.808),rot={-0.8633,-0.0000,-0.5047,0.0000,1.0000,-0.0000,0.5047,-0.0000,-0.8633}},
      {pos=V3(2668.072,35.652,-855.970),vel=V3(16.390,0.763,18.875),rot={-0.8633,-0.0000,-0.5047,0.0000,1.0000,-0.0000,0.5047,-0.0000,-0.8633}},
      {pos=V3(2669.007,37.524,-854.991),vel=V3(18.048,46.460,17.298),rot={-0.8633,-0.0000,-0.5047,0.0000,1.0000,-0.0000,0.5047,-0.0000,-0.8633}},
      {pos=V3(2669.889,39.429,-854.261),vel=V3(19.969,37.467,15.041),rot={-0.8633,-0.0000,-0.5047,0.0000,1.0000,-0.0000,0.5047,-0.0000,-0.8633}},
      {pos=V3(2670.960,41.037,-853.624),vel=V3(22.798,27.657,10.224),rot={-0.8633,-0.0000,-0.5047,0.0000,1.0000,-0.0000,0.5047,-0.0000,-0.8633}},
      {pos=V3(2672.248,42.225,-853.214),vel=V3(24.166,17.030,6.402),rot={-0.8633,-0.0000,-0.5047,0.0000,1.0000,-0.0000,0.5047,-0.0000,-0.8633}},
      {pos=V3(2673.363,42.780,-852.950),vel=V3(24.388,8.037,5.499),rot={-0.8633,-0.0000,-0.5047,0.0000,1.0000,-0.0000,0.5047,-0.0000,-0.8633}},
      {pos=V3(2674.685,42.906,-852.658),vel=V3(24.387,-2.590,5.502),rot={-0.8633,-0.0000,-0.5047,0.0000,1.0000,-0.0000,0.5047,-0.0000,-0.8633}},
      {pos=V3(2675.901,42.511,-852.372),vel=V3(24.295,-12.400,5.896),rot={-0.8773,-0.0000,-0.4800,0.0000,1.0000,-0.0000,0.4800,-0.0000,-0.8773}},
      {pos=V3(2676.994,41.718,-852.029),vel=V3(23.198,-21.393,9.209),rot={-0.9687,-0.0000,-0.2484,0.0000,1.0000,-0.0000,0.2484,-0.0000,-0.9687}},
      {pos=V3(2678.102,40.249,-851.477),vel=V3(17.408,-32.020,8.919),rot={-0.9929,-0.0000,-0.1186,-0.0000,1.0000,-0.0000,0.1186,-0.0000,-0.9929}},
      {pos=V3(2678.800,38.382,-851.120),vel=V3(11.045,-41.830,5.659),rot={-0.9986,-0.0000,-0.0521,-0.0000,1.0000,-0.0000,0.0521,-0.0000,-0.9986}},
      {pos=V3(2679.179,36.025,-850.925),vel=V3(4.681,-51.640,2.398),rot={-1.0000,-0.0000,-0.0008,-0.0000,1.0000,-0.0000,0.0008,-0.0000,-1.0000}},
      {pos=V3(2679.191,35.437,-850.919),vel=V3(0.000,1.058,0.000),rot={-1.0000,-0.0000,-0.0008,-0.0000,1.0000,-0.0000,0.0008,-0.0000,-1.0000}},
      {pos=V3(2678.685,35.594,-850.373),vel=V3(-15.520,6.978,18.206),rot={-1.0000,-0.0000,-0.0008,-0.0000,1.0000,-0.0000,0.0008,-0.0000,-1.0000}},
      {pos=V3(2677.997,35.742,-849.384),vel=V3(-12.578,2.808,20.816),rot={-1.0000,-0.0000,-0.0008,-0.0000,1.0000,-0.0000,0.0008,-0.0000,-1.0000}},
      {pos=V3(2677.424,38.167,-848.293),vel=V3(-10.064,44.007,22.882),rot={-1.0000,-0.0000,-0.0008,-0.0000,1.0000,-0.0000,0.0008,-0.0000,-1.0000}},
      {pos=V3(2676.936,40.102,-847.142),vel=V3(-9.561,34.197,23.099),rot={-1.0000,-0.0000,-0.0008,-0.0000,1.0000,-0.0000,0.0008,-0.0000,-1.0000}},
      {pos=V3(2676.462,41.546,-845.986),vel=V3(-9.365,24.387,23.180),rot={-1.0000,-0.0000,-0.0008,-0.0000,1.0000,-0.0000,0.0008,-0.0000,-1.0000}},
      {pos=V3(2676.000,42.500,-844.825),vel=V3(-9.214,14.577,23.240),rot={-1.0000,-0.0000,-0.0008,-0.0000,1.0000,-0.0000,0.0008,-0.0000,-1.0000}},
      {pos=V3(2675.541,42.963,-843.662),vel=V3(-9.150,4.767,23.265),rot={-1.0000,-0.0000,-0.0008,-0.0000,1.0000,-0.0000,0.0008,-0.0000,-1.0000}},
      {pos=V3(2675.043,42.911,-842.403),vel=V3(-9.209,-5.860,23.242),rot={-1.0000,-0.0000,-0.0008,-0.0000,1.0000,-0.0000,0.0008,-0.0000,-1.0000}},
      {pos=V3(2674.587,42.352,-841.239),vel=V3(-9.005,-15.670,23.322),rot={-1.0000,-0.0000,-0.0008,-0.0000,1.0000,-0.0000,0.0008,-0.0000,-1.0000}},
      {pos=V3(2674.154,41.303,-840.106),vel=V3(-7.848,-25.480,20.575),rot={-1.0000,-0.0000,-0.0008,-0.0000,1.0000,-0.0000,0.0008,-0.0000,-1.0000}},
      {pos=V3(2673.810,39.613,-839.202),vel=V3(-5.087,-36.108,13.338),rot={-1.0000,-0.0000,-0.0008,-0.0000,1.0000,-0.0000,0.0008,-0.0000,-1.0000}},
      {pos=V3(2673.646,37.921,-838.774),vel=V3(-2.964,-44.283,7.771),rot={-1.0000,-0.0000,-0.0008,-0.0000,1.0000,-0.0000,0.0008,-0.0000,-1.0000}},
      {pos=V3(2673.570,35.269,-838.573),vel=V3(-0.017,-12.980,0.044),rot={-1.0000,-0.0000,-0.0008,-0.0000,1.0000,-0.0000,0.0008,-0.0000,-1.0000}},
      {pos=V3(2673.570,35.414,-838.573),vel=V3(-0.000,3.733,0.000),rot={-1.0000,-0.0000,-0.0008,-0.0000,1.0000,-0.0000,0.0008,-0.0000,-1.0000}},
      {pos=V3(2673.570,35.498,-838.573),vel=V3(0.000,0.715,0.000),rot={-1.0000,-0.0000,-0.0008,-0.0000,1.0000,-0.0000,0.0008,-0.0000,-1.0000}},
      {pos=V3(2673.570,35.512,-838.573),vel=V3(0.000,0.111,0.000),rot={-1.0000,-0.0000,-0.0008,-0.0000,1.0000,-0.0000,0.0008,-0.0000,-1.0000}},
      {pos=V3(2673.570,35.514,-838.573),vel=V3(0.000,0.017,0.000),rot={-1.0000,-0.0000,-0.0008,-0.0000,1.0000,-0.0000,0.0008,-0.0000,-1.0000}},
      {pos=V3(2673.333,35.515,-837.955),vel=V3(-5.108,0.001,15.158),rot={-1.0000,-0.0000,-0.0008,-0.0000,1.0000,-0.0000,0.0008,-0.0000,-1.0000}},
      {pos=V3(2673.098,35.391,-837.190),vel=V3(-4.666,-6.556,15.304),rot={-1.0000,-0.0000,-0.0008,-0.0000,1.0000,-0.0000,0.0008,-0.0000,-1.0000}},
      {pos=V3(2672.844,34.726,-836.361),vel=V3(-4.666,-17.184,15.304),rot={-0.9997,-0.0000,0.0229,-0.0000,1.0000,-0.0000,-0.0229,-0.0000,-0.9997}},
      {pos=V3(2672.656,36.318,-835.745),vel=V3(-3.276,0.951,10.745),rot={-0.9998,-0.0000,0.0223,-0.0000,1.0000,-0.0000,-0.0223,-0.0000,-0.9998}},
      {pos=V3(2672.551,36.321,-835.404),vel=V3(-0.682,0.000,1.178),rot={-0.9997,-0.0000,0.0230,-0.0000,1.0000,-0.0000,-0.0230,-0.0000,-0.9997}},
      {pos=V3(2672.548,36.321,-835.400),vel=V3(-0.000,0.000,0.000),rot={-0.9991,0.0000,0.0431,0.0000,1.0000,0.0000,-0.0431,0.0000,-0.9991}},
    },
  },
  {
    nome = "Torre",
    frames = {
      {pos=V3(2806.275,1.350,-715.577),vel=V3(0.000,0.000,-0.000),rot={0.0625,-0.0000,-0.9980,-0.0000,1.0000,-0.0000,0.9980,0.0000,0.0625}},
      {pos=V3(2806.561,1.350,-715.533),vel=V3(15.565,0.000,1.989),rot={0.0625,-0.0000,-0.9980,-0.0000,1.0000,-0.0000,0.9980,0.0000,0.0625}},
      {pos=V3(2807.359,2.212,-715.475),vel=V3(15.977,50.547,0.851),rot={0.0625,-0.0000,-0.9980,-0.0000,1.0000,-0.0000,0.9980,0.0000,0.0625}},
      {pos=V3(2808.158,4.474,-715.471),vel=V3(15.999,40.737,-0.199),rot={0.0625,-0.0000,-0.9980,-0.0000,1.0000,-0.0000,0.9980,0.0000,0.0625}},
      {pos=V3(2809.225,6.727,-715.491),vel=V3(15.997,27.657,-0.301),rot={0.0625,-0.0000,-0.9980,-0.0000,1.0000,-0.0000,0.9980,0.0000,0.0625}},
      {pos=V3(2809.825,7.611,-715.505),vel=V3(15.994,20.300,-0.436),rot={0.0625,-0.0000,-0.9980,-0.0000,1.0000,-0.0000,0.9980,0.0000,0.0625}},
      {pos=V3(2810.625,8.360,-715.537),vel=V3(15.983,10.490,-0.729),rot={0.0625,-0.0000,-0.9980,-0.0000,1.0000,-0.0000,0.9980,0.0000,0.0625}},
      {pos=V3(2811.624,8.607,-715.592),vel=V3(15.973,-1.773,-0.927),rot={0.0625,-0.0000,-0.9980,-0.0000,1.0000,-0.0000,0.9980,0.0000,0.0625}},
      {pos=V3(2812.156,8.425,-715.631),vel=V3(15.948,-8.313,-1.284),rot={0.0625,-0.0000,-0.9980,-0.0000,1.0000,-0.0000,0.9980,0.0000,0.0625}},
      {pos=V3(2813.059,7.315,-715.718),vel=V3(8.216,-22.210,-0.794),rot={0.0625,-0.0000,-0.9980,-0.0000,1.0000,-0.0000,0.9980,0.0000,0.0625}},
      {pos=V3(2813.084,6.106,-715.720),vel=V3(0.000,-1.259,-0.000),rot={0.0625,-0.0000,-0.9980,-0.0000,1.0000,-0.0000,0.9980,0.0000,0.0625}},
      {pos=V3(2812.892,6.244,-715.669),vel=V3(-7.411,1.760,1.123),rot={0.0625,-0.0000,-0.9980,-0.0000,1.0000,-0.0000,0.9980,0.0000,0.0625}},
      {pos=V3(2812.053,6.283,-715.658),vel=V3(-15.996,0.251,-0.343),rot={0.0625,-0.0000,-0.9980,-0.0000,1.0000,-0.0000,0.9980,0.0000,0.0625}},
      {pos=V3(2811.320,6.288,-715.688),vel=V3(-15.987,0.047,-0.640),rot={0.0625,-0.0000,-0.9980,-0.0000,1.0000,-0.0000,0.9980,0.0000,0.0625}},
      {pos=V3(2810.520,6.255,-715.709),vel=V3(-15.996,-3.256,-0.364),rot={0.0625,-0.0000,-0.9980,-0.0000,1.0000,-0.0000,0.9980,0.0000,0.0625}},
      {pos=V3(2810.002,7.927,-715.721),vel=V3(-14.209,47.277,-0.308),rot={0.0625,-0.0000,-0.9980,-0.0000,1.0000,-0.0000,0.9980,0.0000,0.0625}},
      {pos=V3(2809.485,10.025,-715.742),vel=V3(-7.065,37.467,-0.575),rot={0.0625,-0.0000,-0.9980,-0.0000,1.0000,-0.0000,0.9980,0.0000,0.0625}},
      {pos=V3(2809.327,11.744,-715.790),vel=V3(0.657,26.840,-1.177),rot={0.0625,-0.0000,-0.9980,-0.0000,1.0000,-0.0000,0.9980,0.0000,0.0625}},
      {pos=V3(2809.521,12.750,-715.859),vel=V3(7.187,17.847,-1.739),rot={0.0625,-0.0000,-0.9980,-0.0000,1.0000,-0.0000,0.9980,0.0000,0.0625}},
      {pos=V3(2810.396,13.493,-716.011),vel=V3(15.796,3.950,-2.429),rot={0.0625,-0.0000,-0.9980,-0.0000,1.0000,-0.0000,0.9980,0.0000,0.0625}},
      {pos=V3(2810.924,13.502,-716.094),vel=V3(15.801,-2.590,-2.513),rot={0.0625,-0.0000,-0.9980,-0.0000,1.0000,-0.0000,0.9980,0.0000,0.0625}},
      {pos=V3(2811.715,14.110,-716.222),vel=V3(15.800,6.937,-2.520),rot={0.0625,-0.0000,-0.9980,-0.0000,1.0000,-0.0000,0.9980,0.0000,0.0625}},
      {pos=V3(2812.707,14.271,-716.351),vel=V3(15.943,0.729,-1.344),rot={0.0625,-0.0000,-0.9980,-0.0000,1.0000,-0.0000,0.9980,0.0000,0.0625}},
      {pos=V3(2812.515,14.285,-716.351),vel=V3(-15.706,0.189,0.279),rot={0.0625,-0.0000,-0.9980,-0.0000,1.0000,-0.0000,0.9980,0.0000,0.0625}},
      {pos=V3(2811.716,14.289,-716.380),vel=V3(-15.966,0.030,-1.043),rot={0.0625,-0.0000,-0.9980,-0.0000,1.0000,-0.0000,0.9980,0.0000,0.0625}},
      {pos=V3(2810.654,14.290,-716.468),vel=V3(-15.945,0.003,-1.328),rot={0.0625,-0.0000,-0.9980,-0.0000,1.0000,-0.0000,0.9980,0.0000,0.0625}},
      {pos=V3(2810.067,16.154,-716.540),vel=V3(-14.879,46.460,-3.460),rot={0.0625,-0.0000,-0.9980,-0.0000,1.0000,-0.0000,0.9980,0.0000,0.0625}},
